test3: 0.02(1, 0) -0.499999965154140365536(65535, 0) 
test3-bogused10: 0.02(1, 0) 
test3-bogused20: 
test3-bogused30: -0.513407807929942597099574024998205846127479365820592393377723561443721764030073546976801874298166903427690031858186486050853753882811946569946433649006084096(13407807929942597099574024998205846127479365820592393377723561443721764030073546976801874298166903427690031858186486050853753882811946569946433649006084095, 0) 
