sha: 20.0(0, 1) 3.0-1.3086419753086418(80, 47) 5.0-0.9629629629629629(16, 15) 
sha-bogused10: -0.4938271604938271332(31, 0) 3.0-1.3086419753086418(80, 47) -0.49999999956980421048576(1048575, 0) 0.00.3333333333333333(1, 2) 0.02(1, 0) -0.96296296296296295.0(15, 16) 
sha-bogused20: -0.4938271604938271332(31, 0) -0.4993141289437586128(127, 0) -0.49999999956980421048576(1048575, 0) 5.0-0.9629629629629629(16, 15) 3.0-1.3086419753086418(80, 47) 0.02(1, 0) -0.96296296296296295.0(15, 16) 20.0(0, 1) 
sha-bogused30: 0.02(1, 0) -0.49999999956980421048576(1048575, 0) 0.33333333333333330.0(2, 1) 20.0(0, 1) 5.0-0.9629629629629629(16, 15) -0.4938271604938271332(31, 0) 3.0-1.3086419753086418(80, 47) -0.4993141289437586128(127, 0) 
sha-O1-optimized: 
sha-substituted: 5.0-0.9629629629629629(16, 15) 0.02(1, 0) 3.0-1.3086419753086418(80, 47) 20.0(0, 1) 
