cover: -0.8829446730681297-1.824417009602195(10922, 5461) 3.0-1.3086419753086418(80, 47) 0.02(1, 0) 5.0-0.9629629629629629(16, 15) 20.0(0, 1) 

cover-bogused10: 20.0(0, 1) 5.0-0.9629629629629629(16, 15) -0.4993141289437586128(127, 0) 3.0-1.3086419753086418(80, 47) -0.4938271604938271332(31, 0) 0.02(1, 0) 

cover-bogused20: -0.4993141289437586128(127, 0) -0.4938271604938271332(31, 0) 0.02(1, 0) -1.30864197530864183.0(47, 80) -0.96296296296296295.0(15, 16) 

cover-bogused30: -0.4938271604938271332(31, 0) -0.96296296296296295.0(15, 16) -0.4993141289437586128(127, 0) 3.0-1.3086419753086418(80, 47) 0.02(1, 0) 



cover-O1-optimized: 1125899906842624-0.5(0, 1125899906842623) 
cover-flattened: 
cover-substituted: 3.0-1.3086419753086418(80, 47) 5.0-0.9629629629629629(16, 15) 0.02(1, 0) -0.8829446730681297-1.824417009602195(10922, 5461) 20.0(0, 1) 
