date: 20.0(0, 1) 0.02(1, 0) 5.0-0.9629629629629629(16, 15) -1.111111111111111-0.40740740740740744(21, 42) 

date-bogused10: 0.00.3333333333333333(1, 2) -0.33333333333333334(3, 0) -1.111111111111111-0.40740740740740744(21, 42) 20.0(0, 1) 5.0-0.9629629629629629(16, 15) 0.02(1, 0) 4-0.3333333333333333(0, 3) 

date-bogused20: -0.499997177485365264096(4095, 0) -0.33333333333333334(3, 0) 0.02(1, 0) -0.4979423868312757364(63, 0) 20.0(0, 1) 4-0.3333333333333333(0, 3) -1.111111111111111-0.40740740740740744(21, 42) -0.44444444444444448(7, 0) 5.0-0.9629629629629629(16, 15) -0.4814814814814814516(15, 0) 0.00.3333333333333333(1, 2) 

date-bogused30: 0.00.3333333333333333(1, 2) 4-0.3333333333333333(0, 3) -0.4814814814814814516(15, 0) -0.33333333333333334(3, 0) 0.02(1, 0) -0.499997177485365264096(4095, 0) -0.44444444444444448(7, 0) 5.0-0.9629629629629629(16, 15) 20.0(0, 1) 

date-O1-optimized: 

date-substituted: 5.0-0.9629629629629629(16, 15) -1.111111111111111-0.40740740740740744(21, 42) 20.0(0, 1) 
