quicksort: 0.02(1, 0) -1.30864197530864183.0(47, 80) 
quicksort-O1-optimized: 
quicksort-substituted: -1.30864197530864183.0(47, 80) 0.02(1, 0) 
