who: 20.0(0, 1) 0.33333333333333330.0(2, 1) 3.0-1.3086419753086418(80, 47) 0.02(1, 0) 0.00.3333333333333333(1, 2) 
who-bogused10: 3.0-1.3086419753086418(80, 47) 20.0(0, 1) 0.00.3333333333333333(1, 2) 0.02(1, 0) 
who-bogused20: -1.30864197530864183.0(47, 80) 20.0(0, 1) 0.02(1, 0) 0.33333333333333330.0(2, 1) 0.00.3333333333333333(1, 2) 
who-bogused30: 0.33333333333333330.0(2, 1) -0.33333333333333334(3, 0) -1.30864197530864183.0(47, 80) 0.02(1, 0) -0.4993141289437586128(127, 0) 4-0.3333333333333333(0, 3) 0.00.3333333333333333(1, 2) 20.0(0, 1) 
who-O1-optimized: 
who-substituted: 0.02(1, 0) 3.0-1.3086419753086418(80, 47) 20.0(0, 1) 
