prime: 20.0(0, 1) 3.0-1.3086419753086418(80, 47) -0.8829446730681297-1.824417009602195(10922, 5461) 5.0-0.9629629629629629(16, 15) 0.02(1, 0) 
prime-bogused10: 5.0-0.9629629629629629(16, 15) 0.02(1, 0) 3.0-1.3086419753086418(80, 47) -0.8829446730681297-1.824417009602195(10922, 5461) 20.0(0, 1) 
prime-bogused20: 0.02(1, 0) -0.4993141289437586128(127, 0) -0.4938271604938271332(31, 0) -0.8829446730681297-1.824417009602195(10922, 5461) 3.0-1.3086419753086418(80, 47) 5.0-0.9629629629629629(16, 15) 
prime-bogused30: 3.0-1.3086419753086418(80, 47) 0.02(1, 0) -0.96296296296296295.0(15, 16) -0.4997713763145862256(255, 0) 
prime-O1-optimized: 
prime-substituted: 20.0(0, 1) 0.02(1, 0) -0.8829446730681297-1.824417009602195(10922, 5461) 3.0-1.3086419753086418(80, 47) 5.0-0.9629629629629629(16, 15) 
