recursion: 3.0-1.3086419753086418(80, 47) 0.33333333333333330.0(2, 1) -0.44444444444444448(7, 0) -1.30864197530864183.0(47, 80) -0.4814814814814814516(15, 0) 0.02(1, 0) 20.0(0, 1) 5.0-0.9629629629629629(16, 15) -0.96296296296296295.0(15, 16) 0.00.3333333333333333(1, 2) -0.33333333333333334(3, 0) 
recursion-O1-optimized: 
recursion-substituted: 3.0-1.3086419753086418(80, 47) -0.44444444444444448(7, 0) 5.0-0.9629629629629629(16, 15) 0.02(1, 0) 0.33333333333333330.0(2, 1) -0.33333333333333334(3, 0) -0.4814814814814814516(15, 0) 20.0(0, 1) 
