echo: 3.0-1.3086419753086418(80, 47) 5.0-0.9629629629629629(16, 15) 

echo-bogused10: -0.96296296296296295.0(15, 16) 3.0-1.3086419753086418(80, 47) 0.02(1, 0) 

echo-bogused20: 0.02(1, 0) -1.30864197530864183.0(47, 80) 5.0-0.9629629629629629(16, 15) 3.0-1.3086419753086418(80, 47) 

echo-bogused30: -1.30864197530864183.0(47, 80) 0.02(1, 0) 3.0-1.3086419753086418(80, 47) 5.0-0.9629629629629629(16, 15) 0.00.3333333333333333(1, 2) 

echo-O1-optimized: 
echo-substituted: 5.0-0.9629629629629629(16, 15) 3.0-1.3086419753086418(80, 47) 
