uname: 5.0-0.9629629629629629(16, 15) 20.0(0, 1) 3.0-1.3086419753086418(80, 47) 
uname-bogused10: 5.0-0.9629629629629629(16, 15) 20.0(0, 1) 0.02(1, 0) 3.0-1.3086419753086418(80, 47) 
uname-bogused20: 3.0-1.3086419753086418(80, 47) 5.0-0.9629629629629629(16, 15) 0.02(1, 0) -0.4814814814814814516(15, 0) 0.00.3333333333333333(1, 2) 
uname-bogused30: -0.4993141289437586128(127, 0) 0.02(1, 0) 4-0.3333333333333333(0, 3) -0.96296296296296295.0(15, 16) -0.33333333333333334(3, 0) 0.00.3333333333333333(1, 2) -0.4814814814814814516(15, 0) -0.4979423868312757364(63, 0) -1.30864197530864183.0(47, 80) 3.0-1.3086419753086418(80, 47) -0.4938271604938271332(31, 0) 
uname-O1-optimized: 
uname-substituted: 5.0-0.9629629629629629(16, 15) 20.0(0, 1) 3.0-1.3086419753086418(80, 47) 
