pwd: 5.0-0.9629629629629629(16, 15) 3.0-1.3086419753086418(80, 47) 
pwd-bogused10: 0.00.3333333333333333(1, 2) 0.02(1, 0) -1.30864197530864183.0(47, 80) -0.96296296296296295.0(15, 16) 
pwd-bogused20: -0.4993141289437586128(127, 0) 0.02(1, 0) -0.4938271604938271332(31, 0) 0.00.3333333333333333(1, 2) -1.30864197530864183.0(47, 80) 20.0(0, 1) -0.96296296296296295.0(15, 16) 
pwd-bogused30: -0.33333333333333334(3, 0) 0.02(1, 0) -0.4938271604938271332(31, 0) 20.0(0, 1) 5.0-0.9629629629629629(16, 15) 3.0-1.3086419753086418(80, 47) -0.4993141289437586128(127, 0) 
pwd-O1-optimized: 
pwd-substituted: 3.0-1.3086419753086418(80, 47) 5.0-0.9629629629629629(16, 15) 
