id: 20.0(0, 1) 5.0-0.9629629629629629(16, 15) 0.02(1, 0) -1.111111111111111-0.40740740740740744(21, 42) 

id-bogused10: 5.0-0.9629629629629629(16, 15) 20.0(0, 1) -1.111111111111111-0.40740740740740744(21, 42) 0.02(1, 0) 0.00.3333333333333333(1, 2) 

id-bogused20: 20.0(0, 1) 0.00.3333333333333333(1, 2) -0.44444444444444448(7, 0) 0.02(1, 0) -0.96296296296296295.0(15, 16) -1.111111111111111-0.40740740740740744(21, 42) 

id-bogused30: -0.44444444444444448(7, 0) 20.0(0, 1) 0.00.3333333333333333(1, 2) 0.02(1, 0) 5.0-0.9629629629629629(16, 15) -0.33333333333333334(3, 0) -0.4938271604938271332(31, 0) 


id-O1-optimized: 
id-substituted: -1.111111111111111-0.40740740740740744(21, 42) 20.0(0, 1) 0.02(1, 0) 5.0-0.9629629629629629(16, 15) 
